34731531

34762950

34649531
34705726
34721348
34666228
34713596
34675264
34671003
34761478
34694081
34680823
34680463
34683422
34795102
34669736
34702458
34726810
34744886
34744838
34751950
34798504
34665694
34691750
34798096
34738559
34767464
34754695
34714129
34708767
34686219
34667102
34750101
34775818
34666895
34712789
34765987
34765368
34724700
14238949
34799959
34678938
34769616
34677438
34769613
34736388
34729568
34675720
34768292
34713660
34674227
34678668
34743392
34692553
34796168
34758076
34686345
34685028
34835494
34705615
34675292
34795723
34795919
34776509
34785028
34852999
34748547
34747327
34710888
34743953
34723739
34843675
34686226
34713672
34721374
34760209
34694605
